2 0.320312 0.642361 0.085938 0.393056
1 0.647656 0.800694 0.250000 0.168056
3 0.704688 0.261111 0.345313 0.361111
0 0.731641 0.604861 0.074219 0.534722
0 0.401172 0.643056 0.058594 0.375000
0 0.482422 0.804861 0.574219 0.148611
0 0.568359 0.365972 0.213281 0.104167
0 0.494141 0.306250 0.058594 0.209722
0 0.572656 0.095833 0.359375 0.102778
0 0.382422 0.102083 0.136719 0.079167
4 0.648828 0.258333 0.074219 0.355556
6 0.421875 0.184028 0.215625 0.243056
6 0.412891 0.439583 0.219531 0.240278
8 0.482422 0.648611 0.072656 0.388889
