0 0.895261 0.485778 0.088152 0.357784
0 0.900000 0.777695 0.091943 0.354790
0 0.764929 0.919162 0.356398 0.113772
0 0.572512 0.461078 0.151659 0.110778
8 0.522749 0.624251 0.086256 0.377246
8 0.247867 0.333832 0.253081 0.143713
8 0.147393 0.773204 0.090047 0.399701
1 0.261611 0.086078 0.236967 0.124251
2 0.173460 0.225299 0.073934 0.378743
0 0.698104 0.148204 0.065403 0.200599
0 0.827014 0.082335 0.143128 0.107784
0 0.793839 0.259731 0.078673 0.214072
0 0.798104 0.407934 0.070142 0.238024
0 0.431754 0.620509 0.063507 0.390719
0 0.388152 0.766467 0.145024 0.101796
