0 0.193458 0.479545 0.142056 0.401515
0 0.356075 0.137879 0.046729 0.218182
0 0.382243 0.782576 0.155140 0.101515
0 0.431308 0.642424 0.079439 0.412121
0 0.522897 0.478788 0.257009 0.100000
0 0.185514 0.936364 0.167290 0.090909
0 0.513084 0.939394 0.837383 0.112121
0 0.535047 0.867424 0.090654 0.246970
0 0.761215 0.944697 0.335514 0.092424
0 0.891589 0.515152 0.087850 0.351515
0 0.891589 0.809091 0.076636 0.348485
0 0.793458 0.440909 0.057944 0.215152
0 0.785981 0.286364 0.059813 0.196970
0 0.828505 0.107576 0.142991 0.081818
0 0.699533 0.171970 0.071963 0.204545
0 0.601402 0.093182 0.556075 0.137879
0 0.184112 0.628030 0.164486 0.098485
